
Round: 0
00000000
00000000
00000000
00000000
00000000
00000000
00000000
00000000

Valid moves for 1:
3, 3
3, 4
4, 3
4, 4

Player 1: 4, 3

After move by Player 1
00000000
00000000
00000000
00010000
00000000
00000000
00000000
00000000


Round: 1
00000000
00000000
00000000
00010000
00000000
00000000
00000000
00000000

Valid moves for 2:
3, 3
3, 4
4, 4

Player 2: 3, 3

After move by Player 2
00000000
00000000
00000000
00010000
00020000
00000000
00000000
00000000


Round: 2
00000000
00000000
00000000
00010000
00020000
00000000
00000000
00000000

Valid moves for 1:
3, 4
4, 4

Player 1: 4, 4

After move by Player 1
00000000
00000000
00000000
00011000
00020000
00000000
00000000
00000000


Round: 3
00000000
00000000
00000000
00011000
00020000
00000000
00000000
00000000

Valid moves for 2:
3, 4

Player 2: 3, 4

After move by Player 2
00000000
00000000
00000000
00011000
00022000
00000000
00000000
00000000


Round: 4
00000000
00000000
00000000
00011000
00022000
00000000
00000000
00000000

Valid moves for 1:
2, 2
2, 3
2, 4
2, 5

Player 1: 2, 3

After move by Player 1
00000000
00000000
00000000
00011000
00012000
00010000
00000000
00000000


Round: 5
00000000
00000000
00000000
00011000
00012000
00010000
00000000
00000000

Valid moves for 2:
1, 2
3, 2
5, 2
5, 4

Player 2: 1, 2

After move by Player 2
00000000
00000000
00000000
00011000
00012000
00020000
00200000
00000000


Round: 6
00000000
00000000
00000000
00011000
00012000
00020000
00200000
00000000

Valid moves for 1:
1, 3
2, 4
2, 5
3, 5

Player 1: 3, 5

After move by Player 1
00000000
00000000
00000000
00011000
00011100
00020000
00200000
00000000


Round: 7
00000000
00000000
00000000
00011000
00011100
00020000
00200000
00000000

Valid moves for 2:
4, 5
5, 3

Player 2: 4, 5

After move by Player 2
00000000
00000000
00000000
00011200
00012100
00020000
00200000
00000000


Round: 8
00000000
00000000
00000000
00011200
00012100
00020000
00200000
00000000

Valid moves for 1:
1, 3
2, 4
2, 5
4, 6
5, 5

Player 1: 5, 5

After move by Player 1
00000000
00000000
00000100
00011100
00012100
00020000
00200000
00000000


Round: 9
00000000
00000000
00000100
00011100
00012100
00020000
00200000
00000000

Valid moves for 2:
3, 2
3, 6
5, 2
5, 3
5, 4
5, 6

Player 2: 5, 4

After move by Player 2
00000000
00000000
00002100
00012100
00012100
00020000
00200000
00000000


Round: 10
00000000
00000000
00002100
00012100
00012100
00020000
00200000
00000000

Valid moves for 1:
0, 1
1, 3
2, 5
5, 3
6, 3
6, 5

Player 1: 5, 3

After move by Player 1
00000000
00000000
00011100
00011100
00012100
00020000
00200000
00000000


Round: 11
00000000
00000000
00011100
00011100
00012100
00020000
00200000
00000000

Valid moves for 2:
3, 2
3, 6
5, 2
5, 6
6, 3
6, 4

Player 2: 6, 4

After move by Player 2
00000000
00002000
00012100
00012100
00012100
00020000
00200000
00000000


Round: 12
00000000
00002000
00012100
00012100
00012100
00020000
00200000
00000000

Valid moves for 1:
0, 1
1, 3
2, 5
6, 3
6, 5
7, 3
7, 5

Player 1: 7, 5

After move by Player 1
00000100
00001000
00012100
00012100
00012100
00020000
00200000
00000000


Round: 13
00000100
00001000
00012100
00012100
00012100
00020000
00200000
00000000

Valid moves for 2:
2, 2
2, 6
3, 2
3, 6
4, 2
4, 6
5, 2
5, 6
6, 2
6, 3
6, 6
7, 4

Player 2: 4, 6

After move by Player 2
00000100
00001000
00012100
00012220
00012100
00020000
00200000
00000000


Round: 14
00000100
00001000
00012100
00012220
00012100
00020000
00200000
00000000

Valid moves for 1:
1, 3
2, 4
2, 5
3, 7
4, 7
5, 7
6, 5

Player 1: 4, 7

After move by Player 1
00000100
00001000
00012100
00011111
00012100
00020000
00200000
00000000


Round: 15
00000100
00001000
00012100
00011111
00012100
00020000
00200000
00000000

Valid moves for 2:
3, 2
3, 6
5, 2
5, 6
6, 3
7, 4

Player 2: 5, 6

After move by Player 2
00000100
00001000
00012220
00011211
00012100
00020000
00200000
00000000


Round: 16
00000100
00001000
00012220
00011211
00012100
00020000
00200000
00000000

Valid moves for 1:
1, 3
2, 4
2, 5
5, 7
6, 5
6, 6

Player 1: 5, 7

After move by Player 1
00000100
00001000
00011111
00011211
00012100
00020000
00200000
00000000


Round: 17
00000100
00001000
00011111
00011211
00012100
00020000
00200000
00000000

Valid moves for 2:
2, 5
3, 2
3, 6
4, 2
5, 2
6, 3
6, 5
6, 7
7, 4

Player 2: 7, 4

After move by Player 2
00002100
00002000
00012111
00012211
00012100
00020000
00200000
00000000


Round: 18
00002100
00002000
00012111
00012211
00012100
00020000
00200000
00000000

Valid moves for 1:
0, 1
1, 3
2, 5
6, 5
7, 3

Player 1: 7, 3

After move by Player 1
00011100
00001000
00012111
00012211
00012100
00020000
00200000
00000000


Round: 19
00011100
00001000
00012111
00012211
00012100
00020000
00200000
00000000

Valid moves for 2:
2, 2
2, 5
2, 6
3, 2
3, 6
4, 2
5, 2
6, 2
6, 3
6, 5
6, 6
6, 7

Player 2: 3, 2

After move by Player 2
00011100
00001000
00012111
00022211
00222100
00020000
00200000
00000000


Round: 20
00011100
00001000
00012111
00022211
00222100
00020000
00200000
00000000

Valid moves for 1:
0, 1
1, 3
2, 2
2, 4
3, 1
4, 2

Player 1: 0, 1

After move by Player 1
00011100
00001000
00012111
00022111
00221100
00010000
00100000
01000000


Round: 21
00011100
00001000
00012111
00022111
00221100
00010000
00100000
01000000

Valid moves for 2:
1, 3
1, 4
2, 4
2, 5
2, 6
3, 6
5, 2
6, 2
6, 3
6, 6

Player 2: 3, 6

After move by Player 2
00011100
00001000
00012111
00022211
00222220
00010000
00100000
01000000


Round: 22
00011100
00001000
00012111
00022211
00222220
00010000
00100000
01000000

Valid moves for 1:
2, 2
2, 4
2, 5
2, 6
4, 1
4, 2

Player 1: 2, 4

After move by Player 1
00011100
00001000
00011111
00021211
00221120
00011000
00100000
01000000


Round: 23
00011100
00001000
00011111
00021211
00221120
00011000
00100000
01000000

Valid moves for 2:
1, 3
1, 4
1, 5
2, 5
6, 3
6, 5
6, 6
6, 7

Player 2: 6, 6

After move by Player 2
00011100
00001020
00011221
00022221
00221120
00011000
00100000
01000000


Round: 24
00011100
00001020
00011221
00022221
00221120
00011000
00100000
01000000

Valid moves for 1:
2, 1
2, 5
2, 7
3, 1
3, 7
4, 1
4, 2
5, 2
6, 5
6, 7

Player 1: 4, 1

After move by Player 1
00011100
00001020
00011221
01022221
00121120
00011000
00100000
01000000


Round: 25
00011100
00001020
00011221
01022221
00121120
00011000
00100000
01000000

Valid moves for 2:
1, 3
1, 4
1, 5
2, 1
2, 5
2, 6
3, 1
5, 2
6, 2
6, 3
6, 5

Player 2: 2, 5

After move by Player 2
00011100
00001020
00011221
01022221
00122220
00011200
00100000
01000000


Round: 26
00011100
00001020
00011221
01022221
00122220
00011200
00100000
01000000

Valid moves for 1:
1, 4
2, 6
2, 7
3, 7
4, 2
6, 5
6, 7

Player 1: 3, 7

After move by Player 1
00011100
00001020
00011121
01022211
00111111
00011200
00100000
01000000


Round: 27
00011100
00001020
00011121
01022211
00111111
00011200
00100000
01000000

Valid moves for 2:
1, 3
1, 4
2, 1
2, 2
2, 6
2, 7
5, 2
6, 2
6, 3
6, 5

Player 2: 2, 2

After move by Player 2
00011100
00001020
00011121
01022211
00121111
00222200
00100000
01000000


Round: 28
00011100
00001020
00011121
01022211
00121111
00222200
00100000
01000000

Valid moves for 1:
1, 1
1, 3
1, 4
1, 5
1, 6
4, 2
5, 2
6, 5
6, 7
7, 6
7, 7

Player 1: 7, 7

After move by Player 1
00011101
00001010
00011121
01022211
00121111
00222200
00100000
01000000


Round: 29
00011101
00001010
00011121
01022211
00121111
00222200
00100000
01000000

Valid moves for 2:
0, 2
2, 1
2, 6
2, 7
3, 1
4, 2
5, 0
5, 2
6, 2
6, 3
6, 5
7, 6

Player 2: 6, 5

After move by Player 2
00011101
00001210
00012221
01022211
00121111
00222200
00100000
01000000


Round: 30
00011101
00001210
00012221
01022211
00121111
00222200
00100000
01000000

Valid moves for 1:
1, 1
1, 3
1, 4
1, 5
1, 6
4, 2
5, 2
6, 3
6, 7
7, 6

Player 1: 6, 3

After move by Player 1
00011101
00011210
00011221
01022111
00121111
00222200
00100000
01000000


Round: 31
00011101
00011210
00011221
01022111
00121111
00222200
00100000
01000000

Valid moves for 2:
0, 2
2, 1
2, 6
3, 1
4, 2
5, 0
5, 2
6, 2
6, 7
7, 6

Player 2: 5, 2

After move by Player 2
00011101
00011210
00222221
01022111
00121111
00222200
00100000
01000000


Round: 32
00011101
00011210
00222221
01022111
00121111
00222200
00100000
01000000

Valid moves for 1:
1, 1
1, 3
1, 4
1, 5
1, 6
4, 2
5, 1
6, 1
6, 2
6, 7
7, 6

Player 1: 5, 1

After move by Player 1
00011101
00011210
01111111
01022111
00121111
00222200
00100000
01000000


Round: 33
00011101
00011210
01111111
01022111
00121111
00222200
00100000
01000000

Valid moves for 2:
0, 2
2, 1
2, 6
3, 1
4, 2
5, 0
6, 1
6, 2
6, 7

Player 2: 6, 7

After move by Player 2
00011101
00011222
01111121
01022211
00122111
00222200
00100000
01000000


Round: 34
00011101
00011222
01111121
01022211
00122111
00222200
00100000
01000000

Valid moves for 1:
1, 1
1, 3
1, 4
1, 5
1, 6
4, 2
7, 6

Player 1: 1, 3

After move by Player 1
00011101
00011222
01111121
01012211
00112111
00211200
00110000
01000000


Round: 35
00011101
00011222
01111121
01012211
00112111
00211200
00110000
01000000

Valid moves for 2:
0, 2
0, 4
1, 4
2, 1
2, 6
2, 7
3, 1
4, 2
5, 0
6, 1
6, 2
7, 2

Player 2: 2, 7

After move by Player 2
00011101
00011222
01111122
01012212
00112122
00211202
00110000
01000000


Round: 36
00011101
00011222
01111122
01012212
00112122
00211202
00110000
01000000

Valid moves for 1:
1, 1
1, 5
1, 6
1, 7
2, 1
2, 6
3, 1
7, 6

Player 1: 1, 7

After move by Player 1
00011101
00011221
01111121
01012211
00112121
00211201
00110001
01000000


Round: 37
00011101
00011221
01111121
01012211
00112121
00211201
00110001
01000000

Valid moves for 2:
0, 2
0, 4
1, 4
2, 1
2, 6
3, 1
4, 2
5, 0
6, 1
6, 2
7, 2

Player 2: 5, 0

After move by Player 2
00011101
00011221
22222221
01012211
00112121
00211201
00110001
01000000


Round: 38
00011101
00011221
22222221
01012211
00112121
00211201
00110001
01000000

Valid moves for 1:
1, 1
1, 4
1, 5
1, 6
2, 1
2, 6
3, 1
4, 2
6, 1
6, 2
7, 6

Player 1: 6, 2

After move by Player 1
00011101
00111221
22212221
01011211
00112121
00211201
00110001
01000000


Round: 39
00011101
00111221
22212221
01011211
00112121
00211201
00110001
01000000

Valid moves for 2:
0, 2
0, 4
1, 4
2, 1
3, 0
3, 1
4, 2
6, 1
7, 2

Player 2: 4, 2

After move by Player 2
00011101
00111221
22212221
01222211
00212121
00211201
00110001
01000000


Round: 40
00011101
00111221
22212221
01222211
00212121
00211201
00110001
01000000

Valid moves for 1:
1, 1
1, 4
1, 5
2, 1
2, 6
3, 1
4, 0
6, 0
6, 1
7, 6

Player 1: 2, 1

After move by Player 1
00011101
00111221
22212221
01222211
00212121
01111201
00110001
01000000


Round: 41
00011101
00111221
22212221
01222211
00212121
01111201
00110001
01000000

Valid moves for 2:
0, 2
0, 3
1, 0
1, 1
1, 4
1, 5
2, 0
2, 6
3, 0
3, 1
4, 0
6, 1
7, 1
7, 2

Player 2: 0, 3

After move by Player 2
00011101
00111221
22212221
01222211
00222121
01121201
00120001
01020000


Round: 42
00011101
00111221
22212221
01222211
00222121
01121201
00120001
01020000

Valid moves for 1:
0, 2
0, 4
1, 4
1, 5
2, 6
3, 1
4, 0
6, 0
6, 1
7, 6

Player 1: 0, 4

After move by Player 1
00011101
00111221
22212221
01222211
00222121
01121201
00110001
01021000


Round: 43
00011101
00111221
22212221
01222211
00222121
01121201
00110001
01021000

Valid moves for 2:
0, 2
0, 5
1, 0
1, 1
1, 4
1, 5
2, 0
2, 6
3, 0
3, 1
4, 0
6, 1
7, 1
7, 2

Player 2: 0, 2

After move by Player 2
00011101
00111221
22212221
01222211
00222121
01221201
00210001
01221000


Round: 44
00011101
00111221
22212221
01222211
00222121
01221201
00210001
01221000

Valid moves for 1:
1, 1
1, 4
1, 5
2, 6
3, 1
4, 0
6, 0
6, 1
7, 6

Player 1: 3, 1

After move by Player 1
00011101
00111221
22212221
01122211
01111121
01121201
00210001
01221000


Round: 45
00011101
00111221
22212221
01122211
01111121
01121201
00210001
01221000

Valid moves for 2:
0, 0
0, 5
1, 0
1, 1
1, 4
1, 5
2, 0
2, 6
3, 0
4, 0
6, 1
7, 1
7, 2

Player 2: 3, 0

After move by Player 2
00011101
00111221
22212221
02122211
22222221
02121201
00210001
01221000


Round: 46
00011101
00111221
22212221
02122211
22222221
02121201
00210001
01221000

Valid moves for 1:
1, 1
1, 4
1, 5
2, 0
2, 6
4, 0
6, 0
7, 6

Player 1: 2, 0

After move by Player 1
00011101
00111221
22212221
02122211
21222221
11121201
00210001
01221000


Round: 47
00011101
00111221
22212221
02122211
21222221
11121201
00210001
01221000

Valid moves for 2:
0, 0
0, 5
1, 0
1, 1
1, 4
1, 5
6, 1
7, 1
7, 2

Player 2: 1, 4

After move by Player 2
00011101
00111221
22212221
02122211
21222221
11122201
00222001
01221000


Round: 48
00011101
00111221
22212221
02122211
21222221
11122201
00222001
01221000

Valid moves for 1:
1, 5
2, 6
4, 0
6, 0
6, 1
7, 6

Player 1: 2, 6

After move by Player 1
00011101
00111221
22212221
02121211
21222111
11111111
00222001
01221000


Round: 49
00011101
00111221
22212221
02121211
21222111
11111111
00222001
01221000

Valid moves for 2:
0, 0
0, 5
1, 0
1, 1
1, 5
1, 6
4, 0
6, 1
7, 2

Player 2: 1, 6

After move by Player 2
00011101
00111221
22212221
02121221
21222121
11111221
00222021
01221000


Round: 50
00011101
00111221
22212221
02121221
21222121
11111221
00222021
01221000

Valid moves for 1:
0, 5
1, 5
4, 0
6, 0
6, 1
7, 6

Player 1: 6, 1

After move by Player 1
00011101
01111221
21212221
01121221
21222121
11111221
00222021
01221000


Round: 51
00011101
01111221
21212221
01121221
21222121
11111221
00222021
01221000

Valid moves for 2:
0, 0
0, 5
1, 0
1, 1
1, 5
4, 0
6, 0
7, 0
7, 1
7, 2

Player 2: 6, 0

After move by Player 2
00011101
22222221
22212221
01221221
21222121
11111221
00222021
01221000


Round: 52
00011101
22222221
22212221
01221221
21222121
11111221
00222021
01221000

Valid moves for 1:
0, 5
1, 5
4, 0
7, 1
7, 2
7, 6

Player 1: 7, 1

After move by Player 1
01011101
21122221
21212221
01221221
21222121
11111221
00222021
01221000


Round: 53
01011101
21122221
21212221
01221221
21222121
11111221
00222021
01221000

Valid moves for 2:
0, 0
0, 5
1, 0
1, 1
1, 5
4, 0
7, 0
7, 2

Player 2: 7, 2

After move by Player 2
01211101
22222221
21212221
01221221
21222121
11111221
00222021
01221000


Round: 54
01211101
22222221
21212221
01221221
21222121
11111221
00222021
01221000

Valid moves for 1:
0, 5
1, 5
4, 0
7, 6

Player 1: 1, 5

After move by Player 1
01211101
22222221
21212221
01221221
21222121
11111111
00222111
01221000


Round: 55
01211101
22222221
21212221
01221221
21222121
11111111
00222111
01221000

Valid moves for 2:
0, 0
0, 5
0, 6
0, 7
1, 0
1, 1
4, 0
7, 0
7, 6

Player 2: 4, 0

After move by Player 2
01211101
22222221
22212221
22221221
22222121
11211111
00222111
01221000


Round: 56
01211101
22222221
22212221
22221221
22222121
11211111
00222111
01221000

Valid moves for 1:
0, 5
1, 1
7, 0
7, 6

Player 1: 1, 1

After move by Player 1
01211101
22222221
22212221
22221221
22212121
11111111
01111111
01221000


Round: 57
01211101
22222221
22212221
22221221
22212121
11111111
01111111
01221000

Valid moves for 2:
0, 0
0, 5
0, 6
0, 7
1, 0
7, 0
7, 6

Player 2: 0, 5

After move by Player 2
01211101
22222221
22212221
22221221
22212221
11121211
01112211
01222200


Round: 58
01211101
22222221
22212221
22221221
22212221
11121211
01112211
01222200

Valid moves for 1:
0, 6
7, 0
7, 6

Player 1: 0, 6

After move by Player 1
01211101
22222221
22212221
22221221
22212221
11121211
01112111
01111110


Round: 59
01211101
22222221
22212221
22221221
22212221
11121211
01112111
01111110

Valid moves for 2:
0, 0
0, 7
1, 0
7, 0
7, 6

Player 2: 7, 0

After move by Player 2
22211101
22222221
22212221
22221221
22212221
11121211
01112111
01111110


Round: 60
22211101
22222221
22212221
22221221
22212221
11121211
01112111
01111110

Valid moves for 1:
7, 6

Player 1: 7, 6

After move by Player 1
22211111
22222111
22211211
22211211
22112211
11121211
01112111
01111110


Round: 61
22211111
22222111
22211211
22211211
22112211
11121211
01112111
01111110

Valid moves for 2:
0, 0
0, 7
1, 0

Player 2: 0, 7

After move by Player 2
22211111
22222111
22211211
22211211
22112211
11121211
01112121
01111112


Round: 62
22211111
22222111
22211211
22211211
22112211
11121211
01112121
01111112

Valid moves for 1:

Player 1 can't move

Round: 62
22211111
22222111
22211211
22211211
22112211
11121211
01112121
01111112

Valid moves for 2:
0, 0
1, 0

Player 2: 0, 0

After move by Player 2
22211111
22222111
22211211
22212211
22122211
11221211
02112121
22222222


Round: 63
22211111
22222111
22211211
22212211
22122211
11221211
02112121
22222222

Valid moves for 1:
1, 0

Player 1: 1, 0

After move by Player 1
22211111
22222111
22211211
22212211
22122211
11221211
11112121
22222222


Round: 64
22211111
22222111
22211211
22212211
22122211
11221211
11112121
22222222

Valid moves for 2:

Player 2 can't move

Round: 64
22211111
22222111
22211211
22212211
22122211
11221211
11112121
22222222

Valid moves for 1:

Player 1 can't move

Black: 29
White: 35

